0,tcp,http,SF,181,5450,0,0,0,0,0,1,0,0,0,0,0,0,0,0,0,0,8,8,0.00,0.00,0.00,0.00,1.00,0.00,0.00,9,9,1.00,0.00,0.11,0.00,0.00,0.00,0.00,0.00,normal.
0,tcp,http,SF,239,486,0,0,0,0,0,1,0,0,0,0,0,0,0,0,0,0,8,8,0.00,0.00,0.00,0.00,1.00,0.00,0.00,19,19,1.00,0.00,0.05,0.00,0.00,0.00,0.00,0.00,normal.
0,tcp,http,SF,350,1931,0,0,0,0,0,1,0,0,0,0,0,0,0,0,0,0,5,9,0.00,0.00,0.00,0.00,1.00,0.00,0.33,255,255,1.00,0.00,0.00,0.00,0.00,0.00,0.00,0.00,normal.
0,tcp,http,SF,354,2225,0,0,0,0,0,1,0,0,0,0,0,0,0,0,0,0,15,24,0.00,0.00,0.00,0.00,1.00,0.00,0.17,255,255,1.00,0.00,0.00,0.00,0.00,0.00,0.00,0.00,normal.
0,tcp,http,SF,468,484,0,0,0,0,0,1,0,0,0,0,0,0,0,0,0,0,5,5,0.00,0.00,0.00,0.00,1.00,0.00,0.00,255,255,1.00,0.00,0.00,0.00,0.00,0.00,0.00,0.00,normal.
0,tcp,private,S0,0,0,0,0,0,0,0,0,0,0,0,0,0,0,0,0,0,0,140,12,1.00,1.00,0.00,0.00,0.09,0.06,0.00,255,12,0.05,0.06,0.00,0.00,1.00,1.00,0.00,0.00,neptune.
0,tcp,private,S0,0,0,0,0,0,0,0,0,0,0,0,0,0,0,0,0,0,0,149,19,1.00,1.00,0.00,0.00,0.13,0.06,0.00,255,19,0.07,0.06,0.00,0.00,1.00,1.00,0.00,0.00,neptune.
0,tcp,private,S0,0,0,0,0,0,0,0,0,0,0,0,0,0,0,0,0,0,0,108,8,1.00,1.00,0.00,0.00,0.07,0.06,0.00,255,8,0.03,0.07,0.00,0.00,1.00,1.00,0.00,0.00,neptune.
0,icmp,ecr_i,SF,1032,0,0,0,0,0,0,0,0,0,0,0,0,0,0,0,0,0,511,511,0.00,0.00,0.00,0.00,1.00,0.00,0.00,255,255,1.00,0.00,1.00,0.00,0.00,0.00,0.00,0.00,smurf.
0,icmp,ecr_i,SF,1032,0,0,0,0,0,0,0,0,0,0,0,0,0,0,0,0,0,511,511,0.00,0.00,0.00,0.00,1.00,0.00,0.00,255,255,1.00,0.00,1.00,0.00,0.00,0.00,0.00,0.00,smurf.
0,icmp,ecr_i,SF,1032,0,0,0,0,0,0,0,0,0,0,0,0,0,0,0,0,0,511,511,0.00,0.00,0.00,0.00,1.00,0.00,0.00,255,255,1.00,0.00,1.00,0.00,0.00,0.00,0.00,0.00,smurf.
0,icmp,ecr_i,SF,1032,0,0,0,0,0,0,0,0,0,0,0,0,0,0,0,0,0,511,511,0.00,0.00,0.00,0.00,1.00,0.00,0.00,255,255,1.00,0.00,1.00,0.00,0.00,0.00,0.00,0.00,smurf.
0,icmp,ecr_i,SF,1032,0,0,0,0,0,0,0,0,0,0,0,0,0,0,0,0,0,511,511,0.00,0.00,0.00,0.00,1.00,0.00,0.00,255,255,1.00,0.00,1.00,0.00,0.00,0.00,0.00,0.00,smurf.
0,icmp,ecr_i,SF,1032,0,0,0,0,0,0,0,0,0,0,0,0,0,0,0,0,0,511,511,0.00,0.00,0.00,0.00,1.00,0.00,0.00,255,255,1.00,0.00,1.00,0.00,0.00,0.00,0.00,0.00,smurf.
0,icmp,ecr_i,SF,520,0,0,0,0,0,0,0,0,0,0,0,0,0,0,0,0,0,511,511,0.00,0.00,0.00,0.00,1.00,0.00,0.00,255,255,1.00,0.00,1.00,0.00,0.00,0.00,0.00,0.00,smurf.
0,icmp,ecr_i,SF,520,0,0,0,0,0,0,0,0,0,0,0,0,0,0,0,0,0,511,511,0.00,0.00,0.00,0.00,1.00,0.00,0.00,255,255,1.00,0.00,1.00,0.00,0.00,0.00,0.00,0.00,smurf.
0,icmp,ecr_i,SF,520,0,0,0,0,0,0,0,0,0,0,0,0,0,0,0,0,0,511,511,0.00,0.00,0.00,0.00,1.00,0.00,0.00,255,255,1.00,0.00,1.00,0.00,0.00,0.00,0.00,0.00,smurf.
0,icmp,ecr_i,SF,520,0,0,0,0,0,0,0,0,0,0,0,0,0,0,0,0,0,511,511,0.00,0.00,0.00,0.00,1.00,0.00,0.00,255,255,1.00,0.00,1.00,0.00,0.00,0.00,0.00,0.00,smurf.
0,tcp,private,S0,0,0,0,0,0,0,0,0,0,0,0,0,0,0,0,0,0,0,217,9,1.00,1.00,0.00,0.00,0.04,0.06,0.00,255,9,0.04,0.05,0.00,0.00,1.00,1.00,0.00,0.00,neptune.
0,tcp,private,S0,0,0,0,0,0,0,0,0,0,0,0,0,0,0,0,0,0,0,227,1,1.00,1.00,0.00,0.00,0.00,0.06,0.00,255,1,0.00,0.05,0.00,0.00,1.00,1.00,0.00,0.00,neptune.
0,tcp,private,S0,0,0,0,0,0,0,0,0,0,0,0,0,0,0,0,0,0,0,237,7,1.00,1.00,0.00,0.00,0.03,0.06,0.00,255,7,0.03,0.05,0.00,0.00,1.00,1.00,0.00,0.00,neptune.
0,tcp,private,S0,0,0,0,0,0,0,0,0,0,0,0,0,0,0,0,0,0,0,247,10,1.00,1.00,0.00,0.00,0.04,0.06,0.00,255,10,0.04,0.05,0.00,0.00,1.00,1.00,0.00,0.00,neptune.
0,tcp,private,S0,0,0,0,0,0,0,0,0,0,0,0,0,0,0,0,0,0,0,257,16,1.00,1.00,0.00,0.00,0.06,0.05,0.00,255,16,0.06,0.05,0.00,0.00,1.00,1.00,0.00,0.00,neptune.
0,tcp,http,SF,306,662,0,0,0,0,0,1,0,0,0,0,0,0,0,0,0,0,2,2,0.00,0.00,0.00,0.00,1.00,0.00,0.00,66,255,1.00,0.00,0.02,0.05,0.00,0.01,0.00,0.00,normal.
0,tcp,http,SF,289,1862,0,0,0,0,0,1,0,0,0,0,0,0,0,0,0,0,4,12,0.00,0.00,0.00,0.00,1.00,0.00,0.25,76,255,1.00,0.00,0.01,0.05,0.00,0.01,0.00,0.00,normal.
0,tcp,http,SF,310,1881,0,0,0,0,0,1,0,0,0,0,0,0,0,0,0,0,4,5,0.00,0.00,0.00,0.00,1.00,0.00,0.40,86,255,1.00,0.00,0.01,0.05,0.00,0.01,0.00,0.00,normal.
0,tcp,http,SF,282,2286,0,0,0,0,0,1,0,0,0,0,0,0,0,0,0,0,6,6,0.00,0.00,0.00,0.00,1.00,0.00,0.00,6,255,1.00,0.00,0.17,0.05,0.00,0.01,0.00,0.00,normal.
0,tcp,http,SF,203,1200,0,0,0,0,0,1,0,0,0,0,0,0,0,0,0,0,6,18,0.17,0.11,0.00,0.00,1.00,0.00,0.17,16,255,1.00,0.00,0.06,0.05,0.06,0.01,0.00,0.00,normal.
0,tcp,http,SF,291,1200,0,0,0,0,0,1,0,0,0,0,0,0,0,0,0,0,6,12,0.00,0.00,0.00,0.00,1.00,0.00,0.17,26,255,1.00,0.00,0.04,0.05,0.04,0.01,0.00,0.00,normal.
0,tcp,http,SF,219,1234,0,0,0,0,0,1,0,0,0,0,0,0,0,0,0,0,6,35,0.00,0.00,0.00,0.00,1.00,0.00,0.14,6,255,1.00,0.00,0.17,0.05,0.00,0.01,0.00,0.00,normal.
